tau_s,C_EGDA_numerical,C_EGDA_reference,C_EGMA_numerical,C_EGMA_reference,C_EG_numerical,C_EG_reference,C_AcOH_numerical,C_AcOH_reference
0.00000000e+00,2.50000000e-01,2.50000000e-01,0.00000000e+00,0.00000000e+00,0.00000000e+00,0.00000000e+00,0.00000000e+00,0.00000000e+00
2.26194671e-01,2.49141897e-01,2.49141897e-01,8.57328355e-04,8.57328354e-04,7.74250847e-07,7.74251258e-07,8.58876857e-04,8.58876857e-04
4.52389342e-01,2.48286740e-01,2.48286740e-01,1.71016825e-03,1.71016825e-03,3.09159917e-06,3.09159958e-06,1.71635145e-03,1.71635145e-03
6.78584013e-01,2.47434518e-01,2.47434518e-01,2.55853789e-03,2.55853788e-03,6.94396103e-06,6.94396145e-06,2.57242581e-03,2.57242581e-03
9.04778684e-01,2.46585221e-01,2.46585221e-01,3.40245538e-03,3.40245538e-03,1.23232857e-05,1.23232861e-05,3.42710195e-03,3.42710195e-03
1.13097336e+00,2.45738840e-01,2.45738840e-01,4.24193879e-03,4.24193879e-03,1.92215550e-05,1.92215555e-05,4.28038190e-03,4.28038190e-03
1.35716803e+00,2.44895363e-01,2.44895363e-01,5.07700612e-03,5.07700612e-03,2.76307835e-05,2.76307839e-05,5.13226769e-03,5.13226769e-03
1.58336270e+00,2.44054782e-01,2.44054782e-01,5.90767528e-03,5.90767528e-03,3.75430179e-05,3.75430183e-05,5.98276132e-03,5.98276132e-03
1.80955737e+00,2.43217086e-01,2.43217086e-01,6.73396414e-03,6.73396414e-03,4.89503372e-05,4.89503378e-05,6.83186481e-03,6.83186481e-03
2.03575204e+00,2.42382265e-01,2.42382265e-01,7.55589048e-03,7.55589048e-03,6.18448526e-05,6.18448536e-05,7.67958019e-03,7.67958019e-03
2.26194671e+00,2.41550309e-01,2.41550309e-01,8.37347204e-03,8.37347204e-03,7.62187074e-05,7.62187092e-05,8.52590946e-03,8.52590946e-03
2.48814138e+00,2.40721209e-01,2.40721209e-01,9.18672647e-03,9.18672647e-03,9.20640773e-05,9.20640797e-05,9.37085463e-03,9.37085463e-03
2.71433605e+00,2.39894955e-01,2.39894955e-01,9.99567137e-03,9.99567136e-03,1.09373170e-04,1.09373172e-04,1.02144177e-02,1.02144177e-02
2.94053072e+00,2.39071538e-01,2.39071538e-01,1.08003243e-02,1.08003243e-02,1.28138223e-04,1.28138225e-04,1.10566007e-02,1.10566007e-02
3.16672539e+00,2.38250946e-01,2.38250946e-01,1.16007026e-02,1.16007026e-02,1.48351508e-04,1.48351510e-04,1.18974056e-02,1.18974056e-02
3.39292007e+00,2.37433171e-01,2.37433171e-01,1.23968238e-02,1.23968238e-02,1.70005326e-04,1.70005327e-04,1.27368345e-02,1.27368345e-02
3.61911474e+00,2.36618203e-01,2.36618203e-01,1.31887052e-02,1.31887052e-02,1.93092010e-04,1.93092011e-04,1.35748892e-02,1.35748892e-02
3.84530941e+00,2.35806032e-01,2.35806032e-01,1.39763641e-02,1.39763641e-02,2.17603924e-04,2.17603925e-04,1.44115719e-02,1.44115719e-02
4.07150408e+00,2.34996649e-01,2.34996649e-01,1.47598176e-02,1.47598176e-02,2.43533464e-04,2.43533465e-04,1.52468846e-02,1.52468846e-02
4.29769875e+00,2.34190044e-01,2.34190044e-01,1.55390830e-02,1.55390830e-02,2.70873056e-04,2.70873057e-04,1.60808291e-02,1.60808291e-02
4.52389342e+00,2.33386208e-01,2.33386208e-01,1.63141772e-02,1.63141772e-02,2.99615158e-04,2.99615159e-04,1.69134076e-02,1.69134076e-02
4.75008809e+00,2.32585130e-01,2.32585130e-01,1.70851174e-02,1.70851174e-02,3.29752258e-04,3.29752259e-04,1.77446219e-02,1.77446219e-02
4.97628276e+00,2.31786803e-01,2.31786803e-01,1.78519204e-02,1.78519204e-02,3.61276874e-04,3.61276875e-04,1.85744742e-02,1.85744742e-02
5.20247743e+00,2.30991215e-01,2.30991215e-01,1.86146032e-02,1.86146032e-02,3.94181556e-04,3.94181557e-04,1.94029663e-02,1.94029663e-02
5.42867211e+00,2.30198359e-01,2.30198359e-01,1.93731825e-02,1.93731825e-02,4.28458884e-04,4.28458885e-04,2.02301003e-02,2.02301003e-02
5.65486678e+00,2.29408223e-01,2.29408223e-01,2.01276751e-02,2.01276751e-02,4.64101468e-04,4.64101469e-04,2.10558781e-02,2.10558781e-02
5.88106145e+00,2.28620800e-01,2.28620800e-01,2.08780978e-02,2.08780978e-02,5.01101947e-04,5.01101948e-04,2.18803017e-02,2.18803017e-02
6.10725612e+00,2.27836080e-01,2.27836080e-01,2.16244672e-02,2.16244672e-02,5.39452993e-04,5.39452993e-04,2.27033732e-02,2.27033732e-02
6.33345079e+00,2.27054053e-01,2.27054053e-01,2.23667998e-02,2.23667998e-02,5.79147304e-04,5.79147305e-04,2.35250944e-02,2.35250944e-02
6.55964546e+00,2.26274710e-01,2.26274710e-01,2.31051122e-02,2.31051122e-02,6.20177613e-04,6.20177614e-04,2.43454675e-02,2.43454675e-02
6.78584013e+00,2.25498042e-01,2.25498042e-01,2.38394208e-02,2.38394208e-02,6.62536677e-04,6.62536678e-04,2.51644942e-02,2.51644942e-02
7.01203480e+00,2.24724041e-01,2.24724041e-01,2.45697421e-02,2.45697421e-02,7.06217288e-04,7.06217289e-04,2.59821766e-02,2.59821766e-02
7.23822947e+00,2.23952696e-01,2.23952696e-01,2.52960922e-02,2.52960922e-02,7.51212263e-04,7.51212264e-04,2.67985167e-02,2.67985167e-02
7.46442414e+00,2.23183998e-01,2.23183998e-01,2.60184876e-02,2.60184876e-02,7.97514452e-04,7.97514453e-04,2.76135165e-02,2.76135165e-02
7.69061882e+00,2.22417939e-01,2.22417939e-01,2.67369444e-02,2.67369444e-02,8.45116732e-04,8.45116733e-04,2.84271779e-02,2.84271779e-02
7.91681349e+00,2.21654509e-01,2.21654509e-01,2.74514788e-02,2.74514788e-02,8.94012010e-04,8.94012011e-04,2.92395028e-02,2.92395028e-02
8.14300816e+00,2.20893700e-01,2.20893700e-01,2.81621068e-02,2.81621068e-02,9.44193222e-04,9.44193223e-04,3.00504933e-02,3.00504933e-02
8.36920283e+00,2.20135502e-01,2.20135502e-01,2.88688445e-02,2.88688445e-02,9.95653334e-04,9.95653334e-04,3.08601512e-02,3.08601512e-02
8.59539750e+00,2.19379907e-01,2.19379907e-01,2.95717079e-02,2.95717079e-02,1.04838534e-03,1.04838534e-03,3.16684786e-02,3.16684786e-02
8.82159217e+00,2.18626905e-01,2.18626905e-01,3.02707129e-02,3.02707129e-02,1.10238226e-03,1.10238226e-03,3.24754774e-02,3.24754774e-02
9.04778684e+00,2.17876488e-01,2.17876488e-01,3.09658753e-02,3.09658753e-02,1.15763714e-03,1.15763715e-03,3.32811496e-02,3.32811496e-02
9.27398151e+00,2.17128646e-01,2.17128646e-01,3.16572109e-02,3.16572109e-02,1.21414308e-03,1.21414308e-03,3.40854970e-02,3.40854970e-02
9.50017618e+00,2.16383371e-01,2.16383371e-01,3.23447354e-02,3.23447354e-02,1.27189317e-03,1.27189317e-03,3.48885217e-02,3.48885217e-02
9.72637086e+00,2.15640655e-01,2.15640655e-01,3.30284646e-02,3.30284645e-02,1.33088055e-03,1.33088055e-03,3.56902256e-02,3.56902256e-02
9.95256553e+00,2.14900488e-01,2.14900488e-01,3.37084139e-02,3.37084139e-02,1.39109839e-03,1.39109839e-03,3.64906107e-02,3.64906107e-02
1.01787602e+01,2.14162861e-01,2.14162861e-01,3.43845991e-02,3.43845991e-02,1.45253987e-03,1.45253988e-03,3.72896789e-02,3.72896789e-02
1.04049549e+01,2.13427766e-01,2.13427766e-01,3.50570356e-02,3.50570356e-02,1.51519823e-03,1.51519823e-03,3.80874321e-02,3.80874321e-02
1.06311495e+01,2.12695194e-01,2.12695194e-01,3.57257388e-02,3.57257388e-02,1.57906671e-03,1.57906671e-03,3.88838722e-02,3.88838722e-02
1.08573442e+01,2.11965137e-01,2.11965137e-01,3.63907241e-02,3.63907241e-02,1.64413859e-03,1.64413859e-03,3.96790013e-02,3.96790013e-02
1.10835389e+01,2.11237586e-01,2.11237586e-01,3.70520069e-02,3.70520069e-02,1.71040716e-03,1.71040716e-03,4.04728212e-02,4.04728212e-02
1.13097336e+01,2.10512532e-01,2.10512532e-01,3.77096024e-02,3.77096024e-02,1.77786577e-03,1.77786577e-03,4.12653339e-02,4.12653339e-02
1.15359282e+01,2.09789966e-01,2.09789966e-01,3.83635258e-02,3.83635258e-02,1.84650777e-03,1.84650777e-03,4.20565414e-02,4.20565414e-02
1.17621229e+01,2.09069881e-01,2.09069881e-01,3.90137923e-02,3.90137923e-02,1.91632655e-03,1.91632655e-03,4.28464454e-02,4.28464454e-02
1.19883176e+01,2.08352268e-01,2.08352268e-01,3.96604170e-02,3.96604170e-02,1.98731553e-03,1.98731553e-03,4.36350480e-02,4.36350480e-02
1.22145122e+01,2.07637117e-01,2.07637117e-01,4.03034148e-02,4.03034148e-02,2.05946814e-03,2.05946814e-03,4.44223511e-02,4.44223511e-02
1.24407069e+01,2.06924421e-01,2.06924421e-01,4.09428009e-02,4.09428009e-02,2.13277786e-03,2.13277786e-03,4.52083566e-02,4.52083566e-02
1.26669016e+01,2.06214172e-01,2.06214172e-01,4.15785902e-02,4.15785902e-02,2.20723817e-03,2.20723817e-03,4.59930665e-02,4.59930665e-02
1.28930963e+01,2.05506360e-01,2.05506360e-01,4.22107974e-02,4.22107974e-02,2.28284261e-03,2.28284261e-03,4.67764826e-02,4.67764826e-02
1.31192909e+01,2.04800978e-01,2.04800978e-01,4.28394375e-02,4.28394375e-02,2.35958471e-03,2.35958471e-03,4.75586069e-02,4.75586069e-02
1.33454856e+01,2.04098017e-01,2.04098017e-01,4.34645251e-02,4.34645251e-02,2.43745807e-03,2.43745807e-03,4.83394412e-02,4.83394412e-02
1.35716803e+01,2.03397469e-01,2.03397469e-01,4.40860751e-02,4.40860751e-02,2.51645627e-03,2.51645628e-03,4.91189876e-02,4.91189876e-02
1.37978749e+01,2.02699325e-01,2.02699325e-01,4.47041020e-02,4.47041020e-02,2.59657296e-03,2.59657296e-03,4.98972479e-02,4.98972479e-02
1.40240696e+01,2.02003578e-01,2.02003578e-01,4.53186204e-02,4.53186204e-02,2.67780178e-03,2.67780178e-03,5.06742240e-02,5.06742240e-02
1.42502643e+01,2.01310219e-01,2.01310219e-01,4.59296450e-02,4.59296450e-02,2.76013641e-03,2.76013641e-03,5.14499178e-02,5.14499178e-02
1.44764589e+01,2.00619239e-01,2.00619239e-01,4.65371901e-02,4.65371901e-02,2.84357057e-03,2.84357057e-03,5.22243313e-02,5.22243313e-02
1.47026536e+01,1.99930632e-01,1.99930632e-01,4.71412703e-02,4.71412703e-02,2.92809799e-03,2.92809799e-03,5.29974662e-02,5.29974662e-02
1.49288483e+01,1.99244388e-01,1.99244388e-01,4.77418998e-02,4.77418998e-02,3.01371242e-03,3.01371242e-03,5.37693247e-02,5.37693247e-02
1.51550430e+01,1.98560499e-01,1.98560499e-01,4.83390931e-02,4.83390931e-02,3.10040766e-03,3.10040766e-03,5.45399084e-02,5.45399084e-02
1.53812376e+01,1.97878958e-01,1.97878958e-01,4.89328644e-02,4.89328644e-02,3.18817751e-03,3.18817751e-03,5.53092194e-02,5.53092194e-02
1.56074323e+01,1.97199756e-01,1.97199756e-01,4.95232279e-02,4.95232279e-02,3.27701582e-03,3.27701582e-03,5.60772595e-02,5.60772595e-02
1.58336270e+01,1.96522886e-01,1.96522886e-01,5.01101977e-02,5.01101977e-02,3.36691644e-03,3.36691644e-03,5.68440306e-02,5.68440306e-02
1.60598216e+01,1.95848339e-01,1.95848339e-01,5.06937881e-02,5.06937881e-02,3.45787327e-03,3.45787327e-03,5.76095346e-02,5.76095346e-02
1.62860163e+01,1.95176107e-01,1.95176107e-01,5.12740130e-02,5.12740130e-02,3.54988021e-03,3.54988021e-03,5.83737735e-02,5.83737735e-02
1.65122110e+01,1.94506182e-01,1.94506182e-01,5.18508865e-02,5.18508865e-02,3.64293122e-03,3.64293122e-03,5.91367490e-02,5.91367490e-02
1.67384057e+01,1.93838557e-01,1.93838557e-01,5.24244226e-02,5.24244226e-02,3.73702024e-03,3.73702025e-03,5.98984630e-02,5.98984630e-02
1.69646003e+01,1.93173224e-01,1.93173224e-01,5.29946350e-02,5.29946350e-02,3.83214128e-03,3.83214128e-03,6.06589176e-02,6.06589176e-02
1.71907950e+01,1.92510174e-01,1.92510174e-01,5.35615377e-02,5.35615377e-02,3.92828835e-03,3.92828835e-03,6.14181144e-02,6.14181144e-02
1.74169897e+01,1.91849400e-01,1.91849400e-01,5.41251445e-02,5.41251445e-02,4.02545548e-03,4.02545548e-03,6.21760555e-02,6.21760555e-02
1.76431843e+01,1.91190894e-01,1.91190894e-01,5.46854691e-02,5.46854691e-02,4.12363674e-03,4.12363674e-03,6.29327426e-02,6.29327426e-02
1.78693790e+01,1.90534648e-01,1.90534649e-01,5.52425253e-02,5.52425253e-02,4.22282623e-03,4.22282623e-03,6.36881777e-02,6.36881777e-02
1.80955737e+01,1.89880655e-01,1.89880655e-01,5.57963266e-02,5.57963266e-02,4.32301805e-03,4.32301805e-03,6.44423627e-02,6.44423627e-02
1.83217684e+01,1.89228907e-01,1.89228907e-01,5.63468866e-02,5.63468866e-02,4.42420634e-03,4.42420634e-03,6.51952993e-02,6.51952993e-02
1.85479630e+01,1.88579396e-01,1.88579396e-01,5.68942190e-02,5.68942190e-02,4.52638526e-03,4.52638526e-03,6.59469895e-02,6.59469895e-02
1.87741577e+01,1.87932114e-01,1.87932114e-01,5.74383371e-02,5.74383371e-02,4.62954901e-03,4.62954901e-03,6.66974351e-02,6.66974351e-02
1.90003524e+01,1.87287054e-01,1.87287054e-01,5.79792545e-02,5.79792545e-02,4.73369180e-03,4.73369180e-03,6.74466381e-02,6.74466381e-02
1.92265470e+01,1.86644208e-01,1.86644208e-01,5.85169844e-02,5.85169844e-02,4.83880785e-03,4.83880786e-03,6.81946001e-02,6.81946001e-02
1.94527417e+01,1.86003568e-01,1.86003568e-01,5.90515404e-02,5.90515404e-02,4.94489144e-03,4.94489144e-03,6.89413233e-02,6.89413233e-02
1.96789364e+01,1.85365128e-01,1.85365128e-01,5.95829356e-02,5.95829356e-02,5.05193684e-03,5.05193684e-03,6.96868092e-02,6.96868092e-02
1.99051311e+01,1.84728878e-01,1.84728878e-01,6.01111832e-02,6.01111832e-02,5.15993837e-03,5.15993837e-03,7.04310600e-02,7.04310600e-02
2.01313257e+01,1.84094813e-01,1.84094813e-01,6.06362966e-02,6.06362966e-02,5.26889035e-03,5.26889035e-03,7.11740773e-02,7.11740773e-02
2.03575204e+01,1.83462924e-01,1.83462924e-01,6.11582887e-02,6.11582887e-02,5.37878714e-03,5.37878714e-03,7.19158630e-02,7.19158630e-02
2.05837151e+01,1.82833204e-01,1.82833204e-01,6.16771728e-02,6.16771728e-02,5.48962312e-03,5.48962312e-03,7.26564191e-02,7.26564191e-02
2.08099097e+01,1.82205645e-01,1.82205645e-01,6.21929618e-02,6.21929618e-02,5.60139269e-03,5.60139269e-03,7.33957472e-02,7.33957472e-02
2.10361044e+01,1.81580241e-01,1.81580241e-01,6.27056688e-02,6.27056688e-02,5.71409029e-03,5.71409029e-03,7.41338494e-02,7.41338494e-02
2.12622991e+01,1.80956983e-01,1.80956983e-01,6.32153067e-02,6.32153066e-02,5.82771035e-03,5.82771035e-03,7.48707273e-02,7.48707273e-02
2.14884938e+01,1.80335864e-01,1.80335864e-01,6.37218883e-02,6.37218883e-02,5.94224735e-03,5.94224735e-03,7.56063830e-02,7.56063830e-02
2.17146884e+01,1.79716878e-01,1.79716878e-01,6.42254265e-02,6.42254265e-02,6.05769579e-03,6.05769579e-03,7.63408181e-02,7.63408181e-02
2.19408831e+01,1.79100016e-01,1.79100016e-01,6.47259342e-02,6.47259342e-02,6.17405019e-03,6.17405019e-03,7.70740346e-02,7.70740346e-02
2.21670778e+01,1.78485271e-01,1.78485271e-01,6.52234241e-02,6.52234241e-02,6.29130509e-03,6.29130509e-03,7.78060343e-02,7.78060343e-02
2.23932724e+01,1.77872636e-01,1.77872636e-01,6.57179088e-02,6.57179088e-02,6.40945505e-03,6.40945505e-03,7.85368189e-02,7.85368189e-02
2.26194671e+01,1.77262104e-01,1.77262104e-01,6.62094011e-02,6.62094011e-02,6.52849467e-03,6.52849467e-03,7.92663904e-02,7.92663904e-02
2.28456618e+01,1.76653668e-01,1.76653668e-01,6.66979135e-02,6.66979135e-02,6.64841855e-03,6.64841855e-03,7.99947506e-02,7.99947506e-02
2.30718564e+01,1.76047320e-01,1.76047320e-01,6.71834586e-02,6.71834586e-02,6.76922133e-03,6.76922133e-03,8.07219013e-02,8.07219013e-02
2.32980511e+01,1.75443053e-01,1.75443053e-01,6.76660489e-02,6.76660489e-02,6.89089767e-03,6.89089767e-03,8.14478443e-02,8.14478443e-02
2.35242458e+01,1.74840861e-01,1.74840861e-01,6.81456969e-02,6.81456969e-02,7.01344224e-03,7.01344224e-03,8.21725814e-02,8.21725814e-02
2.37504405e+01,1.74240735e-01,1.74240735e-01,6.86224150e-02,6.86224150e-02,7.13684974e-03,7.13684975e-03,8.28961145e-02,8.28961145e-02
2.39766351e+01,1.73642670e-01,1.73642670e-01,6.90962156e-02,6.90962156e-02,7.26111491e-03,7.26111491e-03,8.36184454e-02,8.36184454e-02
2.42028298e+01,1.73046657e-01,1.73046657e-01,6.95671109e-02,6.95671109e-02,7.38623248e-03,7.38623248e-03,8.43395759e-02,8.43395759e-02
2.44290245e+01,1.72452689e-01,1.72452689e-01,7.00351133e-02,7.00351133e-02,7.51219723e-03,7.51219723e-03,8.50595078e-02,8.50595078e-02
2.46552191e+01,1.71860761e-01,1.71860761e-01,7.05002350e-02,7.05002350e-02,7.63900393e-03,7.63900394e-03,8.57782429e-02,8.57782429e-02
2.48814138e+01,1.71270864e-01,1.71270864e-01,7.09624882e-02,7.09624882e-02,7.76664742e-03,7.76664742e-03,8.64957830e-02,8.64957830e-02
2.51076085e+01,1.70682992e-01,1.70682992e-01,7.14218850e-02,7.14218850e-02,7.89512252e-03,7.89512252e-03,8.72121300e-02,8.72121300e-02
2.53338032e+01,1.70097138e-01,1.70097138e-01,7.18784375e-02,7.18784375e-02,8.02442408e-03,8.02442408e-03,8.79272857e-02,8.79272857e-02
2.55599978e+01,1.69513295e-01,1.69513295e-01,7.23321578e-02,7.23321578e-02,8.15454699e-03,8.15454699e-03,8.86412518e-02,8.86412518e-02
2.57861925e+01,1.68931456e-01,1.68931456e-01,7.27830578e-02,7.27830578e-02,8.28548615e-03,8.28548615e-03,8.93540301e-02,8.93540301e-02
2.60123872e+01,1.68351614e-01,1.68351614e-01,7.32311496e-02,7.32311496e-02,8.41723647e-03,8.41723647e-03,9.00656225e-02,9.00656225e-02
2.62385818e+01,1.67773762e-01,1.67773762e-01,7.36764450e-02,7.36764450e-02,8.54979290e-03,8.54979290e-03,9.07760308e-02,9.07760308e-02
2.64647765e+01,1.67197894e-01,1.67197894e-01,7.41189559e-02,7.41189559e-02,8.68315040e-03,8.68315040e-03,9.14852567e-02,9.14852567e-02
2.66909712e+01,1.66624002e-01,1.66624002e-01,7.45586942e-02,7.45586942e-02,8.81730396e-03,8.81730397e-03,9.21933021e-02,9.21933021e-02
2.69171659e+01,1.66052080e-01,1.66052080e-01,7.49956715e-02,7.49956715e-02,8.95224859e-03,8.95224860e-03,9.29001687e-02,9.29001687e-02
2.71433605e+01,1.65482121e-01,1.65482121e-01,7.54298997e-02,7.54298996e-02,9.08797932e-03,9.08797932e-03,9.36058583e-02,9.36058583e-02
2.73695552e+01,1.64914118e-01,1.64914118e-01,7.58613903e-02,7.58613903e-02,9.22449119e-03,9.22449119e-03,9.43103727e-02,9.43103727e-02
2.75957499e+01,1.64348066e-01,1.64348066e-01,7.62901552e-02,7.62901552e-02,9.36177927e-03,9.36177927e-03,9.50137137e-02,9.50137137e-02
2.78219445e+01,1.63783956e-01,1.63783956e-01,7.67162058e-02,7.67162058e-02,9.49983866e-03,9.49983866e-03,9.57158831e-02,9.57158831e-02
2.80481392e+01,1.63221782e-01,1.63221782e-01,7.71395538e-02,7.71395538e-02,9.63866446e-03,9.63866447e-03,9.64168827e-02,9.64168827e-02
2.82743339e+01,1.62661538e-01,1.62661538e-01,7.75602106e-02,7.75602106e-02,9.77825182e-03,9.77825182e-03,9.71167142e-02,9.71167142e-02
2.85005286e+01,1.62103216e-01,1.62103216e-01,7.79781877e-02,7.79781876e-02,9.91859588e-03,9.91859589e-03,9.78153794e-02,9.78153794e-02
2.87267232e+01,1.61546812e-01,1.61546812e-01,7.83934965e-02,7.83934965e-02,1.00596918e-02,1.00596918e-02,9.85128801e-02,9.85128801e-02
2.89529179e+01,1.60992317e-01,1.60992317e-01,7.88061484e-02,7.88061484e-02,1.02015348e-02,1.02015348e-02,9.92092181e-02,9.92092181e-02
2.91791126e+01,1.60439725e-01,1.60439725e-01,7.92161548e-02,7.92161548e-02,1.03441201e-02,1.03441202e-02,9.99043951e-02,9.99043951e-02
2.94053072e+01,1.59889030e-01,1.59889030e-01,7.96235270e-02,7.96235270e-02,1.04874430e-02,1.04874430e-02,1.00598413e-01,1.00598413e-01
2.96315019e+01,1.59340225e-01,1.59340225e-01,8.00282761e-02,8.00282761e-02,1.06314986e-02,1.06314986e-02,1.01291273e-01,1.01291273e-01
2.98576966e+01,1.58793304e-01,1.58793304e-01,8.04304135e-02,8.04304135e-02,1.07762823e-02,1.07762823e-02,1.01982978e-01,1.01982978e-01
3.00838913e+01,1.58248260e-01,1.58248260e-01,8.08299503e-02,8.08299503e-02,1.09217893e-02,1.09217893e-02,1.02673529e-01,1.02673529e-01
3.03100859e+01,1.57705087e-01,1.57705087e-01,8.12268975e-02,8.12268975e-02,1.10680150e-02,1.10680150e-02,1.03362928e-01,1.03362928e-01
3.05362806e+01,1.57163779e-01,1.57163779e-01,8.16212664e-02,8.16212664e-02,1.12149547e-02,1.12149547e-02,1.04051176e-01,1.04051176e-01
3.07624753e+01,1.56624328e-01,1.56624328e-01,8.20130679e-02,8.20130679e-02,1.13626038e-02,1.13626038e-02,1.04738276e-01,1.04738276e-01
3.09886699e+01,1.56086729e-01,1.56086729e-01,8.24023131e-02,8.24023131e-02,1.15109576e-02,1.15109576e-02,1.05424228e-01,1.05424228e-01
3.12148646e+01,1.55550976e-01,1.55550976e-01,8.27890128e-02,8.27890128e-02,1.16600116e-02,1.16600116e-02,1.06109036e-01,1.06109036e-01
3.14410593e+01,1.55017061e-01,1.55017061e-01,8.31731781e-02,8.31731781e-02,1.18097611e-02,1.18097611e-02,1.06792700e-01,1.06792700e-01
3.16672539e+01,1.54484979e-01,1.54484979e-01,8.35548198e-02,8.35548198e-02,1.19602016e-02,1.19602016e-02,1.07475223e-01,1.07475223e-01
3.18934486e+01,1.53954723e-01,1.53954723e-01,8.39339487e-02,8.39339487e-02,1.21113286e-02,1.21113286e-02,1.08156606e-01,1.08156606e-01
3.21196433e+01,1.53426287e-01,1.53426287e-01,8.43105756e-02,8.43105756e-02,1.22631375e-02,1.22631375e-02,1.08836850e-01,1.08836850e-01
3.23458380e+01,1.52899665e-01,1.52899665e-01,8.46847112e-02,8.46847112e-02,1.24156238e-02,1.24156238e-02,1.09515959e-01,1.09515959e-01
3.25720326e+01,1.52374851e-01,1.52374851e-01,8.50563664e-02,8.50563664e-02,1.25687830e-02,1.25687830e-02,1.10193932e-01,1.10193932e-01
3.27982273e+01,1.51851838e-01,1.51851838e-01,8.54255517e-02,8.54255517e-02,1.27226107e-02,1.27226107e-02,1.10870773e-01,1.10870773e-01
3.30244220e+01,1.51330620e-01,1.51330620e-01,8.57922779e-02,8.57922779e-02,1.28771024e-02,1.28771024e-02,1.11546483e-01,1.11546483e-01
3.32506166e+01,1.50811191e-01,1.50811191e-01,8.61565553e-02,8.61565553e-02,1.30322537e-02,1.30322537e-02,1.12221063e-01,1.12221063e-01
3.34768113e+01,1.50293545e-01,1.50293545e-01,8.65183948e-02,8.65183948e-02,1.31880602e-02,1.31880602e-02,1.12894515e-01,1.12894515e-01
3.37030060e+01,1.49777676e-01,1.49777676e-01,8.68778066e-02,8.68778066e-02,1.33445175e-02,1.33445175e-02,1.13566842e-01,1.13566842e-01
3.39292007e+01,1.49263577e-01,1.49263577e-01,8.72348014e-02,8.72348014e-02,1.35016212e-02,1.35016212e-02,1.14238044e-01,1.14238044e-01
3.41553953e+01,1.48751244e-01,1.48751244e-01,8.75893895e-02,8.75893895e-02,1.36593670e-02,1.36593670e-02,1.14908123e-01,1.14908123e-01
3.43815900e+01,1.48240668e-01,1.48240668e-01,8.79415813e-02,8.79415813e-02,1.38177504e-02,1.38177504e-02,1.15577082e-01,1.15577082e-01
3.46077847e+01,1.47731845e-01,1.47731845e-01,8.82913872e-02,8.82913872e-02,1.39767674e-02,1.39767674e-02,1.16244922e-01,1.16244922e-01
3.48339793e+01,1.47224769e-01,1.47224769e-01,8.86388175e-02,8.86388175e-02,1.41364134e-02,1.41364134e-02,1.16911644e-01,1.16911644e-01
3.50601740e+01,1.46719433e-01,1.46719433e-01,8.89838825e-02,8.89838825e-02,1.42966843e-02,1.42966843e-02,1.17577251e-01,1.17577251e-01
3.52863687e+01,1.46215832e-01,1.46215832e-01,8.93265923e-02,8.93265923e-02,1.44575757e-02,1.44575757e-02,1.18241744e-01,1.18241744e-01
3.55125634e+01,1.45713959e-01,1.45713959e-01,8.96669573e-02,8.96669572e-02,1.46190835e-02,1.46190835e-02,1.18905124e-01,1.18905124e-01
3.57387580e+01,1.45213809e-01,1.45213809e-01,9.00049874e-02,9.00049874e-02,1.47812034e-02,1.47812034e-02,1.19567394e-01,1.19567394e-01
3.59649527e+01,1.44715376e-01,1.44715376e-01,9.03406930e-02,9.03406930e-02,1.49439313e-02,1.49439313e-02,1.20228556e-01,1.20228556e-01
3.61911474e+01,1.44218653e-01,1.44218653e-01,9.06740840e-02,9.06740840e-02,1.51072628e-02,1.51072628e-02,1.20888610e-01,1.20888610e-01
3.64173420e+01,1.43723636e-01,1.43723636e-01,9.10051705e-02,9.10051705e-02,1.52711940e-02,1.52711940e-02,1.21547558e-01,1.21547558e-01
3.66435367e+01,1.43230317e-01,1.43230317e-01,9.13339624e-02,9.13339624e-02,1.54357205e-02,1.54357205e-02,1.22205403e-01,1.22205403e-01
3.68697314e+01,1.42738692e-01,1.42738692e-01,9.16604698e-02,9.16604698e-02,1.56008383e-02,1.56008383e-02,1.22862147e-01,1.22862147e-01
3.70959261e+01,1.42248754e-01,1.42248754e-01,9.19847026e-02,9.19847026e-02,1.57665433e-02,1.57665433e-02,1.23517789e-01,1.23517789e-01
3.73221207e+01,1.41760498e-01,1.41760498e-01,9.23066707e-02,9.23066707e-02,1.59328314e-02,1.59328314e-02,1.24172333e-01,1.24172333e-01
3.75483154e+01,1.41273918e-01,1.41273918e-01,9.26263838e-02,9.26263838e-02,1.60996985e-02,1.60996985e-02,1.24825781e-01,1.24825781e-01
3.77745101e+01,1.40789008e-01,1.40789008e-01,9.29438519e-02,9.29438519e-02,1.62671404e-02,1.62671404e-02,1.25478133e-01,1.25478133e-01
3.80007047e+01,1.40305762e-01,1.40305762e-01,9.32590847e-02,9.32590847e-02,1.64351533e-02,1.64351533e-02,1.26129391e-01,1.26129391e-01
3.82268994e+01,1.39824175e-01,1.39824175e-01,9.35720919e-02,9.35720919e-02,1.66037331e-02,1.66037331e-02,1.26779558e-01,1.26779558e-01
3.84530941e+01,1.39344241e-01,1.39344241e-01,9.38828833e-02,9.38828833e-02,1.67728757e-02,1.67728757e-02,1.27428635e-01,1.27428635e-01
3.86792888e+01,1.38865954e-01,1.38865954e-01,9.41914684e-02,9.41914684e-02,1.69425771e-02,1.69425771e-02,1.28076623e-01,1.28076623e-01
3.89054834e+01,1.38389310e-01,1.38389310e-01,9.44978570e-02,9.44978570e-02,1.71128335e-02,1.71128335e-02,1.28723524e-01,1.28723524e-01
3.91316781e+01,1.37914301e-01,1.37914301e-01,9.48020586e-02,9.48020586e-02,1.72836408e-02,1.72836408e-02,1.29369340e-01,1.29369340e-01
3.93578728e+01,1.37440922e-01,1.37440922e-01,9.51040828e-02,9.51040828e-02,1.74549951e-02,1.74549951e-02,1.30014073e-01,1.30014073e-01
3.95840674e+01,1.36969168e-01,1.36969168e-01,9.54039391e-02,9.54039391e-02,1.76268925e-02,1.76268925e-02,1.30657724e-01,1.30657724e-01
3.98102621e+01,1.36499034e-01,1.36499034e-01,9.57016369e-02,9.57016369e-02,1.77993290e-02,1.77993290e-02,1.31300295e-01,1.31300295e-01
4.00364568e+01,1.36030513e-01,1.36030513e-01,9.59971858e-02,9.59971858e-02,1.79723009e-02,1.79723009e-02,1.31941788e-01,1.31941788e-01
4.02626514e+01,1.35563601e-01,1.35563601e-01,9.62905950e-02,9.62905950e-02,1.81458042e-02,1.81458042e-02,1.32582203e-01,1.32582203e-01
4.04888461e+01,1.35098291e-01,1.35098291e-01,9.65818741e-02,9.65818741e-02,1.83198350e-02,1.83198350e-02,1.33221544e-01,1.33221544e-01
4.07150408e+01,1.34634578e-01,1.34634578e-01,9.68710323e-02,9.68710323e-02,1.84943896e-02,1.84943896e-02,1.33859811e-01,1.33859811e-01
4.09412355e+01,1.34172457e-01,1.34172457e-01,9.71580790e-02,9.71580790e-02,1.86694641e-02,1.86694641e-02,1.34497007e-01,1.34497007e-01
4.11674301e+01,1.33711922e-01,1.33711922e-01,9.74430233e-02,9.74430233e-02,1.88450547e-02,1.88450547e-02,1.35133133e-01,1.35133133e-01
4.13936248e+01,1.33252968e-01,1.33252968e-01,9.77258746e-02,9.77258746e-02,1.90211576e-02,1.90211576e-02,1.35768190e-01,1.35768190e-01
4.16198195e+01,1.32795589e-01,1.32795589e-01,9.80066420e-02,9.80066420e-02,1.91977691e-02,1.91977691e-02,1.36402180e-01,1.36402180e-01
4.18460141e+01,1.32339780e-01,1.32339780e-01,9.82853347e-02,9.82853347e-02,1.93748853e-02,1.93748853e-02,1.37035105e-01,1.37035105e-01
4.20722088e+01,1.31885536e-01,1.31885536e-01,9.85619617e-02,9.85619617e-02,1.95525027e-02,1.95525027e-02,1.37666967e-01,1.37666967e-01
4.22984035e+01,1.31432850e-01,1.31432850e-01,9.88365323e-02,9.88365323e-02,1.97306174e-02,1.97306174e-02,1.38297767e-01,1.38297767e-01
4.25245982e+01,1.30981719e-01,1.30981719e-01,9.91090555e-02,9.91090555e-02,1.99092257e-02,1.99092257e-02,1.38927507e-01,1.38927507e-01
4.27507928e+01,1.30532136e-01,1.30532136e-01,9.93795402e-02,9.93795402e-02,2.00883240e-02,2.00883240e-02,1.39556188e-01,1.39556188e-01
4.29769875e+01,1.30084096e-01,1.30084096e-01,9.96479955e-02,9.96479955e-02,2.02679086e-02,2.02679086e-02,1.40183813e-01,1.40183813e-01
4.32031822e+01,1.29637594e-01,1.29637594e-01,9.99144302e-02,9.99144302e-02,2.04479759e-02,2.04479759e-02,1.40810382e-01,1.40810382e-01
4.34293768e+01,1.29192624e-01,1.29192624e-01,1.00178853e-01,1.00178853e-01,2.06285221e-02,2.06285221e-02,1.41435898e-01,1.41435898e-01
4.36555715e+01,1.28749182e-01,1.28749182e-01,1.00441274e-01,1.00441274e-01,2.08095437e-02,2.08095437e-02,1.42060361e-01,1.42060361e-01
4.38817662e+01,1.28307262e-01,1.28307262e-01,1.00701701e-01,1.00701701e-01,2.09910371e-02,2.09910371e-02,1.42683775e-01,1.42683775e-01
4.41079609e+01,1.27866859e-01,1.27866859e-01,1.00960142e-01,1.00960142e-01,2.11729986e-02,2.11729986e-02,1.43306139e-01,1.43306139e-01
4.43341555e+01,1.27427968e-01,1.27427968e-01,1.01216608e-01,1.01216608e-01,2.13554248e-02,2.13554248e-02,1.43927457e-01,1.43927457e-01
4.45603502e+01,1.26990583e-01,1.26990583e-01,1.01471106e-01,1.01471106e-01,2.15383120e-02,2.15383120e-02,1.44547729e-01,1.44547729e-01
4.47865449e+01,1.26554699e-01,1.26554699e-01,1.01723645e-01,1.01723645e-01,2.17216567e-02,2.17216567e-02,1.45166958e-01,1.45166958e-01
4.50127395e+01,1.26120311e-01,1.26120311e-01,1.01974234e-01,1.01974234e-01,2.19054553e-02,2.19054553e-02,1.45785144e-01,1.45785144e-01
4.52389342e+01,1.25687414e-01,1.25687414e-01,1.02222881e-01,1.02222881e-01,2.20897045e-02,2.20897045e-02,1.46402290e-01,1.46402290e-01
